#2
x: [675.4403078174058, 685.3938816807523, 742.846041828663, 658.4431352482775, 694.0721219026183, 704.7503621244844, 718.7677224572833, 723.5908959508531, 721.07494933349, 721.8169760248085]
y: [376.70469038163355, 423.19157119514216, 460.30461123211984, 82.04098306169482, 531.0292775906394, 407.7075178125053, 401.19157119514216, 403.33650446684607, 378.55975710992965, 356.2989563703764]
t: [0.0, 0.02564102564102564, 0.05128205128205128, 0.07692307692307693, 0.10256410256410256, 0.1282051282051282, 0.15384615384615385, 0.1794871794871795, 0.20512820512820512, 0.23076923076923075, 0.2564102564102564, 0.28205128205128205, 0.3076923076923077, 0.3333333333333333, 0.358974358974359, 0.3846153846153846, 0.41025641025641024, 0.4358974358974359, 0.4615384615384615, 0.48717948717948717, 0.5128205128205128, 0.5384615384615384, 0.5641025641025641, 0.5897435897435898, 0.6153846153846154, 0.641025641025641, 0.6666666666666666, 0.6923076923076923, 0.717948717948718, 0.7435897435897436, 0.7692307692307692, 0.7948717948717948, 0.8205128205128205, 0.8461538461538461, 0.8717948717948718, 0.8974358974358974, 0.923076923076923, 0.9487179487179487, 0.9743589743589743, 1.0]
#3
x: [721.8169760248085, 721.6296741261128, 725.0406032716895, 731.862461562843, 739.8212962358552, 787.232225381432, 701.221934049685, 751.1910600544443, 760.2868711093156, 767.9614616868632, 773.9305876916223]
y: [356.2989563703764, 396.7640954028903, 400.45926864393175, 403.0174655031143, 402.1647332167201, 448.4798513074256, 296.94933937433484, 354.4117251786461, 355.2644574650403, 361.802071660729, 372.03485909745916]
t: [0.0, 0.02564102564102564, 0.05128205128205128, 0.07692307692307693, 0.10256410256410256, 0.1282051282051282, 0.15384615384615385, 0.1794871794871795, 0.20512820512820512, 0.23076923076923075, 0.2564102564102564, 0.28205128205128205, 0.3076923076923077, 0.3333333333333333, 0.358974358974359, 0.3846153846153846, 0.41025641025641024, 0.4358974358974359, 0.4615384615384615, 0.48717948717948717, 0.5128205128205128, 0.5384615384615384, 0.5641025641025641, 0.5897435897435898, 0.6153846153846154, 0.641025641025641, 0.6666666666666666, 0.6923076923076923, 0.717948717948718, 0.7435897435897436, 0.7692307692307692, 0.7948717948717948, 0.8205128205128205, 0.8461538461538461, 0.8717948717948718, 0.8974358974358974, 0.923076923076923, 0.9487179487179487, 0.9743589743589743, 1.0]
