#0
x: [234.19715688071523, 231.036746390862, 250.73300636112396]
y: [399.92296207883624, 344.71130873907754, 406.30521977302914]
t: [0.0, 0.05263157894736842, 0.10526315789473684, 0.15789473684210525, 0.21052631578947367, 0.2631578947368421, 0.3157894736842105, 0.3684210526315789, 0.42105263157894735, 0.47368421052631576, 0.5263157894736842, 0.5789473684210527, 0.631578947368421, 0.6842105263157894, 0.7368421052631579, 0.7894736842105263, 0.8421052631578947, 0.894736842105263, 0.9473684210526315, 1.0]
