#0
x: [203.37564826918356, 193.09419058613813, 215.35672304209282, 233.2890763692293, 245.3770566472295]
y: [450.8040610326765, 299.4507315426297, 328.24638314599315, 324.9649254629477, 358.38308486976615]
t: [0.0, 0.05263157894736842, 0.10526315789473684, 0.15789473684210525, 0.21052631578947367, 0.2631578947368421, 0.3157894736842105, 0.3684210526315789, 0.42105263157894735, 0.47368421052631576, 0.5263157894736842, 0.5789473684210527, 0.631578947368421, 0.6842105263157894, 0.7368421052631579, 0.7894736842105263, 0.8421052631578947, 0.894736842105263, 0.9473684210526315, 1.0]
