#0
x: [610.340988605201, 632.6241680595933, 651.5946671928705, 596.1403971445592, 600.6123749294409, 647.7923013503033]
y: [413.39963261462384, 378.44388391470807, 473.54122234182, 426.1547898538978, 337.5471369482379, 419.37013174790104]
t: [0.0, 0.02564102564102564, 0.05128205128205128, 0.07692307692307693, 0.10256410256410256, 0.1282051282051282, 0.15384615384615385, 0.1794871794871795, 0.20512820512820512, 0.23076923076923075, 0.2564102564102564, 0.28205128205128205, 0.3076923076923077, 0.3333333333333333, 0.358974358974359, 0.3846153846153846, 0.41025641025641024, 0.4358974358974359, 0.4615384615384615, 0.48717948717948717, 0.5128205128205128, 0.5384615384615384, 0.5641025641025641, 0.5897435897435898, 0.6153846153846154, 0.641025641025641, 0.6666666666666666, 0.6923076923076923, 0.717948717948718, 0.7435897435897436, 0.7692307692307692, 0.7948717948717948, 0.8205128205128205, 0.8461538461538461, 0.8717948717948718, 0.8974358974358974, 0.923076923076923, 0.9487179487179487, 0.9743589743589743, 1.0]
