#0
x: [-7.616550537329374, -0.28087465982781623, -55.35410450446662, -42.653460811608014, -45.20823551910749]
y: [220.67823734308686, 170.2910052223789, 187.10119833023649, 200.60500749844806, 218.48843045094446]
t: [0.0, 0.05263157894736842, 0.10526315789473684, 0.15789473684210525, 0.21052631578947367, 0.2631578947368421, 0.3157894736842105, 0.3684210526315789, 0.42105263157894735, 0.47368421052631576, 0.5263157894736842, 0.5789473684210527, 0.631578947368421, 0.6842105263157894, 0.7368421052631579, 0.7894736842105263, 0.8421052631578947, 0.894736842105263, 0.9473684210526315, 1.0]

#1
x: [-7.616550537329374, -0.28087465982781623, -55.35410450446662, -42.653460811608014, -45.20823551910749]
y: [220.67823734308686, 170.2910052223789, 187.10119833023649, 200.60500749844806, 218.48843045094446]
t: [0.0, 0.05263157894736842, 0.10526315789473684, 0.15789473684210525, 0.21052631578947367, 0.2631578947368421, 0.3157894736842105, 0.3684210526315789, 0.42105263157894735, 0.47368421052631576, 0.5263157894736842, 0.5789473684210527, 0.631578947368421, 0.6842105263157894, 0.7368421052631579, 0.7894736842105263, 0.8421052631578947, 0.894736842105263, 0.9473684210526315, 1.0]
