#1
x: [116.90971917778963, 116.75377883362495, 149.02699139364537, 140.37972005798673]
y: [404.8664043471022, 332.63796540933424, 370.8725098410457, 402.4014392374779]
t: [0.0, 0.05263157894736842, 0.10526315789473684, 0.15789473684210525, 0.21052631578947367, 0.2631578947368421, 0.3157894736842105, 0.3684210526315789, 0.42105263157894735, 0.47368421052631576, 0.5263157894736842, 0.5789473684210527, 0.631578947368421, 0.6842105263157894, 0.7368421052631579, 0.7894736842105263, 0.8421052631578947, 0.894736842105263, 0.9473684210526315, 1.0]
